0.0014
0.0004
0.0004
0.0003
0.0003
0.0004
0.0003
0.0004
0.0003
0.0003
0.0003
0.0003
0.0003
0.0003
0.0007
0.0003
0.0003
0.0003
0.0003
0.0003
0.0003
0.0003
0.0004
0.0003
0.0002
0.0002
0.0002
0.0003
0.0002
0.0003
0.0003
0.0002
0.0002
0.0003
0.0019
0.0003
0.0003
0.0003
0.0003
0.0003
0.0003
0.0003
0.0003
0.0003
0.0003
0.0003
0.0003
0.0002
0.0003
0.0003
0.0003
0.0002
0.0002
0.0003
0.0003
0.0003
0.0003
0.0002
0.0002
0.0002
0.0002
0.0003
0.0002
0.0003
0.0003
0.0003
0.0003
0.0003
0.0002
0.0003
0.0002
0.0002
0.0002
0.0003
0.0003
0.0082
0.0003
0.0003
0.0003
0.0003
0.0003
0.0002
0.0002
0.0003
0.0003
0.0003
0.0003
0.0002
0.0003
0.0003
0.0003
0.0003
0.0002
0.0003
0.0003
0.0002
0.0003
0.0003
0.0003
0.0003
0.0005
