0.0078
0.0005
0.0004
0.0004
0.0003
0.0004
0.0004
0.0003
0.0003
0.0005
0.0003
0.0004
0.0004
0.0003
0.0003
0.0003
0.0003
0.0003
0.0003
0.0003
0.0003
0.0004
0.0003
0.0003
0.0003
0.0004
0.0003
0.0003
0.0003
0.0003
0.0003
0.0004
0.0003
0.0003
0.0004
0.0098
0.0003
0.0003
0.0003
0.0003
0.0003
0.0003
0.0004
0.0003
0.0003
0.0005
0.0004
0.0003
0.0004
0.0003
0.0003
0.0003
0.0003
0.0004
0.0003
0.0004
0.0003
0.0003
0.0003
0.0003
0.0004
0.0003
0.0003
0.0003
0.0003
0.0003
0.0003
0.0004
0.0003
0.0003
0.0004
0.0004
0.0003
0.0003
0.0003
0.0003
0.0016
0.0003
0.0003
0.0003
0.0003
0.0004
0.0004
0.0004
0.0003
0.0003
0.0003
0.0004
0.0005
0.0004
0.0004
0.0003
0.0003
0.109
0.0004
0.0003
0.0002
0.0003
0.0137
0.0005
0.0005
