0.0009
0.0006
0.0003
0.0004
0.0003
0.0004
0.0004
0.0004
0.0004
0.0004
0.0004
0.0004
0.0003
0.0005
0.0004
0.0004
0.0003
0.0004
0.0004
0.0003
0.0003
0.0004
0.0004
0.0004
0.0004
0.0003
0.0003
0.0003
0.0003
0.0003
0.0003
0.0003
0.0003
0.0003
0.0003
0.0003
0.0004
0.0022
0.0004
0.0003
0.0004
0.0003
0.0004
0.0004
0.0003
0.0004
0.0003
0.0003
0.0003
0.0003
0.0004
0.0004
0.0004
0.0004
0.0003
0.0004
0.0003
0.0003
0.0004
0.0003
0.0003
0.0003
0.0003
0.0003
0.0003
0.0004
0.0003
0.0004
0.0004
0.0004
0.0003
0.0004
0.0003
0.0003
0.0003
0.0003
0.0003
0.0003
0.009
0.0004
0.0003
0.0004
0.0004
0.0004
0.0003
0.0004
0.0003
0.0003
0.0011
0.0005
0.0003
0.0004
0.0003
0.0002
0.0003
0.0003
0.0004
0.0003
0.0004
0.0002
0.0002
0.0003
0.0003
0.0003
0.0003
0.0003
0.0003
0.0002
0.0003
0.0002
0.0004
0.0003
0.0003
0.0003
0.0003
0.0003
0.0003
0.0003
0.0003
0.0112
0.0003
0.0003
0.0002
0.0003
0.0003
0.0002
0.0003
0.0003
0.0003
0.0003
0.0002
0.0003
0.0002
0.0003
0.0002
0.0003
0.0002
0.0003
0.0002
0.0002
0.0003
0.0003
0.0002
0.0002
0.0003
0.0003
0.0003
0.0003
0.0003
0.0003
0.0003
0.0003
0.0003
0.0003
0.0003
0.0003
0.0003
0.0003
0.0002
0.0003
0.0003
0.0003
0.0002
0.0002
0.0003
0.0003
0.0003
0.0003
0.0003
0.0002
0.0003
0.0002
0.0003
0.0003
0.0003
0.0003
0.0003
0.0003
0.0002
0.0003
0.0003
0.0003
0.0002
0.0003
0.0003
0.0003
0.0003
0.0003
0.0003
0.0002
0.0002
0.0003
0.0003
0.0002
0.0003
0.0003
0.0003
0.0003
0.0003
0.0002
0.0003
0.0002
0.0003
0.0041
0.0003
0.0003
0.0003
0.0003
0.0003
0.0003
0.0003
0.0003
0.0002
0.0003
0.0003
0.0003
0.0003
0.0002
0.0003
0.0002
0.0003
0.0003
0.0003
0.0003
0.0002
0.0002
0.0003
0.0003
0.0002
0.0003
0.0003
0.0003
0.0003
0.0002
0.0003
0.0003
0.0002
0.0003
0.0003
0.0002
0.0003
0.0003
0.0002
0.0003
0.0002
0.0003
0.0002
0.0003
0.0002
0.0003
0.0002
0.0002
0.0003
0.0003
0.0003
0.0002
0.0002
0.0002
0.0003
0.0003
0.0003
0.0002
0.0003
0.0002
0.0003
0.0002
0.0002
0.0002
0.0003
0.0003
0.0002
0.0003
0.0003
0.0002
0.0003
0.0003
0.0002
0.0003
0.0002
0.0002
0.0003
0.0003
0.0003
0.0002
0.0002
0.0003
0.0003
0.0096
0.0003
0.0002
0.0002
0.0003
0.0002
0.0003
0.0003
0.0003
0.0002
0.0003
0.0003
0.0002
0.0002
0.0002
0.0003
0.0003
0.0003
0.0003
0.0002
0.0003
0.0003
0.0003
0.0002
0.0003
0.0003
0.0002
0.0003
0.0002
0.0003
0.0003
0.0002
0.0003
0.0003
0.0003
0.0003
0.0003
0.0003
0.0003
0.0003
0.0003
0.0002
0.0002
0.0003
0.0002
0.0003
0.0003
0.0002
0.0002
0.0002
0.0003
0.0003
0.0002
0.0003
0.0002
0.0003
0.0003
0.0003
0.0003
0.0003
0.0002
0.0003
0.0003
0.0002
0.0003
0.0003
0.0003
0.0002
0.0003
0.0003
0.0003
0.0002
0.0003
0.0003
0.0002
0.0002
0.0003
0.0003
0.0003
0.0002
0.0003
0.0003
0.0003
0.0003
0.0081
0.0003
0.0003
0.0003
0.0002
0.0002
0.0002
0.0003
0.0003
0.0002
0.0003
0.0002
0.0003
0.0003
0.0003
0.0003
0.0003
0.0003
0.0003
0.0003
0.0003
0.0003
0.0003
0.0002
0.0003
0.0002
0.0002
0.0003
0.0003
0.0003
0.0003
0.0009
0.0007
0.0005
0.0003
0.0005
0.0135
0.0003
0.0003
0.0003
0.0004
0.0002
0.0004
0.0003
0.0003
0.0003
0.0003
0.0003
0.0003
0.0003
0.0002
0.0003
0.0003
0.0002
0.0002
0.0002
0.0003
0.0002
0.0004
0.0003
0.0004
0.0003
0.0002
0.0003
0.0004
0.0003
0.0004
0.0005
0.0004
0.0003
0.0005
0.0005
0.0004
0.0003
0.0003
0.0004
0.0003
0.0003
0.0003
0.0003
0.0002
0.0002
0.0003
0.0002
0.0159
0.0003
0.0003
0.0003
0.0003
0.0003
0.0003
0.0003
0.0003
0.0003
0.0002
0.0003
0.0003
0.0002
0.0003
0.0002
0.0003
0.0002
0.0003
0.0003
0.0003
0.0002
0.0003
0.0003
0.0002
0.0002
0.0003
0.0003
0.0002
0.0002
0.0003
0.0002
0.0003
0.0003
0.0003
0.0003
0.0003
0.0003
0.0003
0.0003
0.0003
0.0003
0.0002
0.0003
0.0003
0.0011
0.0009
0.0004
0.0008
0.0007
0.0005
0.0005
0.001
0.0005
0.0004
0.0003
0.0004
0.0003
0.0005
0.0003
0.0003
0.0003
0.0003
0.0002
0.0006
0.0003
0.0005
0.0003
0.0003
0.0004
0.0004
0.0003
0.0004
0.0004
0.0003
0.0005
0.0004
0.0003
0.0003
0.0002
0.0004
0.0004
0.0004
0.0003
0.0002
0.0002
0.0002
0.0002
0.0004
0.0003
0.0005
0.0004
0.0004
0.0003
0.0003
0.0003
0.0003
0.0003
0.0003
0.0003
0.0004
0.0003
0.0003
0.0003
0.0003
0.0004
0.0003
0.0003
0.0003
0.0003
0.0003
0.0003
0.0004
0.0003
0.0004
0.0004
0.0003
0.0003
0.0003
0.0003
0.0002
0.0003
0.0003
0.0002
0.0003
0.0002
0.0003
0.0003
0.0002
0.0002
0.0003
0.0003
0.0002
0.0003
0.0003
0.0004
0.0003
0.0003
0.0003
0.0003
0.0003
0.0003
0.0002
0.0003
0.0003
0.0003
0.0003
0.0003
0.0002
0.0003
0.0003
0.0003
0.0003
0.0003
0.0002
0.0002
0.0003
0.0003
0.0003
0.0003
0.0003
0.0003
0.0003
0.0003
0.0002
0.0003
0.0002
0.0002
0.0003
0.0189
0.0003
0.0003
0.0003
0.0002
0.0003
0.0003
0.0002
0.0003
0.0002
0.0003
0.0003
0.0003
0.0003
0.0002
0.0003
0.0002
0.0003
0.0003
0.0003
0.0003
0.0002
0.0003
0.0002
0.0002
0.0003
0.0002
0.0003
0.0003
0.0003
0.0003
0.0003
0.0002
0.0003
0.0002
0.0003
0.0003
0.0002
0.0003
0.0003
0.0003
0.0003
0.0003
0.0002
0.0003
0.0002
0.0002
0.0002
0.0002
0.0003
0.0003
0.0003
0.0003
0.0002
0.0003
0.0003
0.0003
0.0002
0.0003
0.0003
0.0003
0.0003
0.0003
0.0003
0.0003
0.0003
0.0003
0.0002
0.0002
0.0003
0.0003
0.0002
0.0002
0.0003
0.0002
0.0003
0.0002
0.0003
0.0003
0.0003
0.0002
0.0003
0.0003
0.0002
0.0002
0.0003
0.0002
0.0003
0.0003
0.0002
0.0002
0.0003
0.0003
0.0002
0.0003
0.0003
0.0003
0.0003
0.0003
0.0002
0.0003
0.0003
0.0003
0.0005
0.0002
0.0003
0.0003
0.0003
0.0003
0.0003
0.0003
0.0003
0.0003
0.0003
0.0003
0.0003
0.0003
0.0003
0.0003
0.0003
0.0003
0.0003
0.0003
0.0003
0.0003
0.0003
0.0003
0.0003
0.0003
0.0002
0.0003
0.0003
0.0003
0.0002
0.0003
0.0003
0.0003
0.0003
0.0002
0.0003
0.0003
0.0003
0.0003
0.0003
0.0002
0.0003
0.0003
0.0003
0.0003
0.0002
0.0003
0.0003
0.0003
0.0003
0.0003
0.0003
0.0003
0.0003
0.0002
0.0002
0.0003
0.0003
0.0003
0.0002
0.0003
0.0003
0.0003
0.0003
0.0003
0.0084
0.0003
0.0003
0.0003
0.0003
0.0003
0.0002
0.0005
0.0003
0.0003
0.0002
0.0003
0.0002
0.0003
0.0003
0.0003
0.0003
0.0003
0.0003
0.0003
0.0003
0.0002
0.0003
0.0002
0.0003
0.0004
0.0003
0.0002
0.0003
0.0003
0.0003
0.0002
0.0003
0.0002
0.0003
0.0003
0.0003
0.0003
0.0003
0.0003
0.0003
0.0003
0.0003
0.0003
0.0003
0.0003
0.0002
0.0003
0.0003
0.0003
0.0003
0.0003
0.0003
0.0002
0.0003
0.0003
0.0003
0.0003
0.0003
0.0004
0.0003
0.0003
0.0003
0.0003
0.0003
0.0003
0.0003
0.0003
0.0002
0.0003
0.0003
0.0003
0.0003
0.0003
0.0003
0.0003
0.0003
0.0003
0.0003
0.0002
0.0003
0.0003
0.0003
0.0002
0.0003
0.0003
0.0003
0.0003
0.0003
0.0003
0.0003
0.0003
0.0003
0.0003
0.0002
0.0003
0.0002
0.0002
0.0003
0.0003
0.0002
0.0003
0.0003
0.0003
0.0003
0.0003
0.0003
0.0003
0.0002
0.0003
0.0003
0.0003
0.0003
0.0002
0.0003
0.0003
0.0003
0.0003
0.0003
0.0003
0.0002
0.0003
0.0003
0.0003
0.0002
0.0002
0.0003
0.0003
0.0003
0.0003
0.0003
0.0003
0.0003
0.0003
0.0003
0.0002
0.0003
0.0003
0.0003
0.0003
0.0003
0.0002
0.0003
0.0003
0.0003
0.0003
0.0003
0.0003
0.0002
0.0003
0.0003
0.0003
0.0003
0.0003
0.0002
0.0003
0.0003
0.0003
0.0002
0.0003
0.0003
0.0003
0.0003
0.0002
0.0003
0.0003
0.0003
0.0003
0.0002
0.0141
0.0003
0.0003
0.0003
0.0003
0.0003
0.0003
0.0003
0.0003
0.0003
0.0003
0.0003
0.0002
0.0003
0.0003
0.0003
0.0003
0.0003
0.0003
0.0003
0.0003
0.0003
0.0003
0.0003
0.0003
0.0002
0.0002
0.0003
0.0003
0.0003
0.0003
0.0003
0.0003
0.0003
0.0003
0.0003
0.0002
0.0003
0.0005
