0.0011
0.0008
0.0006
0.0004
0.0004
0.0003
0.0007
0.0014
0.0005
0.0004
0.0005
0.0004
0.0022
0.0005
0.0003
0.0018
0.0003
0.001
0.0007
0.0013
0.0007
0.0005
0.0004
0.0003
0.0004
0.0003
0.0003
0.0003
0.0174
0.0004
0.0003
0.0004
0.0003
0.0003
0.0003
0.0004
0.0003
0.0004
0.001
0.0016
0.0011
0.0007
0.0007
0.0009
0.0007
0.0006
0.0006
0.0006
0.0005
0.0005
0.0005
0.0006
0.0008
0.001
0.0009
0.001
0.0236
0.0008
0.0008
0.0015
0.0005
0.0004
0.0004
0.0037
0.0046
0.0008
0.0011
0.0004
0.0004
0.0012
0.0005
0.0004
0.0004
0.0003
0.0003
0.0003
0.0003
0.0003
0.0004
0.0004
0.0003
0.0004
0.0003
0.0003
0.0003
0.0003
0.0004
0.0004
0.0006
0.0003
0.0002
0.0003
0.0002
0.0003
0.0003
0.0003
0.0003
0.0025
0.0004
0.0003
0.0003
0.0003
0.0003
0.0003
0.0003
0.0003
0.0003
0.0003
0.0003
0.0003
0.0003
0.0004
0.0003
0.0003
0.0003
0.0003
0.0004
0.0003
0.0003
0.0003
0.0003
0.0004
0.0003
0.0003
0.0003
0.0003
0.0003
0.0003
0.0004
0.0003
0.0003
0.0003
0.0005
0.0002
0.0003
0.0003
0.0003
0.0002
0.0126
0.0003
0.0003
0.0003
0.0003
0.0003
0.0003
0.0003
0.0003
0.0003
0.0003
0.0003
0.0003
0.0003
0.0003
0.0003
0.0002
0.0003
0.0003
0.0003
0.0003
0.0003
0.0003
0.0003
0.0003
0.0002
0.0003
0.0003
0.0003
0.0003
0.0003
0.0003
0.0003
0.0003
0.0003
0.0003
0.0003
0.0003
0.0003
0.0004
0.0003
0.0016
0.0003
0.0003
0.0004
0.0003
0.0003
0.0003
0.0003
0.0003
0.0003
0.0003
0.0003
0.0003
0.0003
0.0003
0.0003
0.0003
0.0003
0.0003
0.0003
0.0003
0.0003
0.0003
0.0004
0.0002
0.0003
0.0003
0.0003
0.0003
0.0003
0.0003
0.0002
0.0003
0.0003
0.0003
0.0003
0.0003
0.0003
0.0003
0.0003
0.0002
0.0103
0.0003
0.0003
0.0002
0.0003
0.0002
0.0003
0.0002
0.0003
0.0003
0.0002
0.0003
0.0002
0.0002
0.0003
0.0003
0.0002
0.0003
0.0003
0.0003
0.0003
0.0003
0.0003
0.0003
0.0003
0.0003
0.0003
0.0003
0.0003
0.0003
0.0003
0.0003
0.0003
0.0003
0.0003
0.0003
0.0003
0.0002
0.0003
0.0003
0.0003
0.0003
0.0003
0.0003
0.0003
0.0003
0.0004
0.0003
0.0003
0.0002
0.0004
0.0003
0.0003
0.0003
0.0003
0.0003
0.0003
0.0003
0.0003
0.0003
0.0003
0.0003
0.0003
0.0003
0.0003
0.0003
0.0003
0.0003
0.0003
0.0003
0.0004
0.0003
0.0003
0.0003
0.0003
0.0003
0.0003
0.0003
0.0003
0.0003
0.0003
0.0003
0.0003
0.0003
0.0082
0.0003
0.0003
0.0003
0.0003
0.0003
0.0003
0.0003
0.0003
0.0003
0.0003
0.0003
0.0003
0.0003
0.0003
0.0003
0.0003
0.0003
0.0003
0.0003
0.0003
0.0003
0.0003
0.0003
0.0002
0.0003
0.0003
0.0003
0.0004
0.0003
0.0003
0.0003
0.0003
0.0003
0.0003
0.0003
0.0003
0.0003
0.0003
0.0003
0.0003
0.0003
0.0003
0.0003
0.0003
0.0003
0.0003
0.0002
0.0003
0.0003
0.0003
0.0003
0.0003
0.0003
0.0003
0.0003
0.0003
0.0003
0.0003
0.0003
0.0012
0.001
0.0009
0.0007
0.0015
0.0012
0.0005
0.0003
0.0005
0.0003
0.0166
0.0003
0.0003
0.0003
0.0003
0.0002
0.0003
0.0005
0.0003
0.0003
0.0002
0.0003
0.0003
0.0003
0.0813
0.0003
0.0002
0.0004
0.0003
0.0003
0.0002
0.0003
0.0003
0.0002
0.0002
0.0003
0.0003
0.0002
0.0002
0.0003
0.0003
0.0002
0.0003
0.0002
0.0002
0.0003
0.0002
0.0003
0.0002
0.0003
0.0003
0.0003
0.0003
0.0003
0.0002
0.0002
0.0003
0.0003
0.0003
0.0003
0.0002
0.0003
0.0002
0.0002
0.0003
0.0003
0.0002
0.0003
0.0003
0.0003
0.0003
0.0002
0.0003
0.0003
0.0003
0.0003
0.0003
0.0003
0.0003
0.0003
0.0003
0.0003
0.0003
0.0002
0.0003
0.0002
0.0003
0.0003
0.0003
0.0003
0.0002
0.0003
0.0002
0.0004
0.0003
0.0003
0.0003
0.0003
0.0002
0.0002
0.0002
0.0003
0.0003
0.0003
0.0003
0.0003
0.0003
0.0003
0.0127
0.0003
0.0003
0.0003
0.0003
0.0002
0.0003
0.0003
0.0003
0.0002
0.0003
0.0002
0.0003
0.0002
0.0003
0.0002
0.0002
0.0002
0.0002
0.0002
0.0003
0.0003
0.0002
0.0003
0.0003
0.0003
0.0003
0.0003
0.0006
0.0006
0.0005
0.0006
0.0008
0.0008
0.002
0.0007
0.0007
0.0005
0.0006
0.0006
0.0007
0.0033
0.0009
0.0007
0.0008
0.0006
0.001
0.0015
0.0014
0.0008
0.0022
0.0009
0.0007
0.0009
0.0007
0.0006
0.0008
0.0011
0.0017
0.0012
0.0007
0.0009
0.0009
0.0008
0.0011
0.0009
0.0009
0.0011
0.001
0.0009
0.001
0.0008
0.001
0.0008
0.0009
0.0008
0.0008
0.0008
0.0009
0.0011
0.0013
0.0008
0.0009
0.0014
0.0343
0.0009
0.0008
0.0016
0.0009
0.0011
0.0011
0.0008
0.0011
0.0008
0.0009
0.0007
0.0007
0.0007
0.0006
0.0031
0.0007
0.0007
0.001
0.0009
0.0028
0.0009
0.0009
0.0011
0.001
0.0008
0.0013
0.0014
0.0007
0.001
0.0009
0.0007
0.0013
0.0015
0.0011
0.001
0.0011
0.0008
0.0008
0.0006
0.0008
0.001
0.0007
0.001
0.0005
0.0006
0.0005
0.0004
0.0008
0.0003
0.0002
0.0003
0.0003
0.0003
0.0003
0.0002
0.0004
0.0003
0.0003
0.0002
0.0003
0.0002
0.0003
0.0005
0.0003
0.0004
0.0004
0.0005
0.0003
0.0006
0.0003
0.0002
0.0004
0.0003
0.0003
0.0003
0.0003
0.0003
0.0002
0.0003
0.0002
0.0003
0.0003
0.0003
0.0004
0.0003
0.0002
0.0006
0.0004
0.0003
0.0004
0.0003
0.0003
0.0002
0.0003
0.0003
0.0002
0.0002
0.0003
0.0003
0.0002
0.0002
0.0003
0.0002
0.0003
0.0002
0.0003
0.0003
0.0003
0.0003
0.0003
0.0002
0.0002
0.0003
0.0002
0.0002
0.0003
0.0003
0.0002
0.0002
0.0003
0.0002
0.0003
0.0002
0.0003
0.0003
0.0002
0.0003
0.0005
0.0002
0.0003
0.0003
0.0004
0.0002
0.0003
0.0003
0.0003
0.0003
0.0003
0.0002
0.0003
0.0003
0.0003
0.0003
0.0004
0.0005
0.0003
0.0003
0.0003
0.0003
0.0003
0.0003
0.0003
0.0003
0.0003
0.0005
0.0003
0.0003
0.0003
0.0003
0.0003
0.0002
0.0003
0.0003
0.0003
0.0002
0.0003
0.0003
0.0003
0.0188
0.0003
0.0002
0.0002
0.0003
0.0003
0.0003
0.0003
0.0003
0.0002
0.0003
0.0002
0.0002
0.0003
0.0003
0.0003
0.0003
0.0002
0.0003
0.0002
0.0002
0.0002
0.0002
0.0003
0.0002
0.0003
0.0003
0.0003
0.0002
0.0003
0.0003
0.0003
0.0003
0.0002
0.0003
0.0002
0.0002
0.0003
0.0003
0.0002
0.0002
0.0003
0.0002
0.0003
0.0003
0.0002
0.0003
0.0003
0.0002
0.0003
0.0002
0.0002
0.0003
0.0002
0.0002
0.0003
0.0003
0.0002
0.0003
0.0003
0.0002
0.0003
0.0002
0.0003
0.0003
0.0003
0.0003
0.0002
0.0003
0.0002
0.0002
0.0003
0.0003
0.0003
0.0003
0.0003
0.0002
0.0003
0.0003
0.0002
0.0003
0.0002
0.0003
0.0002
0.0003
0.0003
0.0002
0.0002
0.0002
0.0003
0.0003
0.0003
0.0003
0.0003
0.0002
0.0003
0.0003
0.0003
0.0003
0.0003
0.0002
0.0003
0.0003
0.0003
0.0003
0.0003
0.0003
0.0003
0.0002
0.0002
0.0002
0.0002
0.0003
0.0003
0.0003
0.0003
0.0002
0.0003
0.0003
0.0003
0.0002
0.0002
0.0002
0.0003
0.0003
0.0003
0.0003
0.0003
0.0003
0.0003
0.0002
0.0002
0.0002
0.0003
0.0002
0.0003
0.0003
0.0002
0.0003
0.0003
0.0002
0.0002
0.0003
0.0003
0.0003
0.0002
0.0003
0.0002
0.0002
0.0003
0.0003
0.0003
0.0002
0.0003
0.0002
0.0002
0.0002
0.0002
0.0003
0.0002
0.0003
0.0003
0.0003
0.0003
0.0003
0.0002
0.0002
0.0002
0.0003
0.0122
0.0002
0.0003
0.0002
0.0002
0.0003
0.0003
0.0002
0.0003
0.0003
0.0002
0.0002
0.0003
0.0002
0.0003
0.0003
0.0003
0.0002
0.0002
0.0002
0.0002
0.0002
0.0003
0.0003
0.0002
0.0003
0.0002
0.0003
0.0002
0.0002
0.0002
0.0003
0.0003
0.0003
0.0003
0.0002
0.0003
0.0003
0.0002
0.0003
0.0002
0.0003
0.0002
0.0002
0.0003
0.0003
0.0003
0.0002
0.0003
0.0003
0.0003
0.0002
0.0002
0.0003
0.0003
0.0003
0.0003
0.0002
0.0002
0.0003
0.0003
0.0002
0.0002
0.0003
0.0003
0.0002
0.0002
0.0003
0.0002
0.0002
0.0003
0.0002
0.0003
0.0003
0.0003
0.0003
0.0002
0.0003
0.0002
0.0003
0.0003
0.0002
0.0002
0.0002
0.0002
0.0003
0.0003
0.0003
0.0002
0.0003
0.0003
0.0003
0.0003
0.0003
0.0002
0.0003
0.0002
0.0003
0.0003
0.0003
0.0002
0.0003
0.0003
0.0002
0.0003
0.0002
0.0005
