0.0007
0.0008
0.0136
0.0004
0.0004
0.0003
0.0003
0.0004
0.0003
0.0004
0.0003
0.0003
0.0003
0.0004
0.0003
0.0004
0.0003
0.0003
0.0004
0.0004
0.0003
0.0003
0.0003
0.0004
0.0004
0.0004
0.0004
0.0003
0.0003
0.0003
0.0003
0.0004
0.0004
0.0004
0.0005
0.0004
0.0003
0.0003
0.0004
0.0004
0.0003
0.0003
0.0003
0.0005
0.0004
0.0004
0.0003
0.0004
0.0004
0.0004
0.0006
0.001
0.0005
0.0004
0.0004
0.0004
0.0004
0.0004
0.0004
0.0004
0.0004
0.0003
0.0004
0.0004
0.0003
0.0004
0.0004
0.0004
0.0003
0.0003
0.0003
0.0003
0.0003
0.0004
0.0007
0.0004
0.0003
0.0004
0.0003
0.0004
0.0004
0.0004
0.0004
0.0004
0.0005
0.0004
0.0004
0.0004
0.0003
0.0016
0.0003
0.0003
0.0003
0.0003
0.0002
0.0002
0.0002
0.0003
0.0003
0.0003
0.0018
