0.0039
0.002
0.0017
0.0017
0.0016
0.0016
0.0015
0.0015
0.0014
0.0014
0.0015
0.0016
0.0176
0.0013
0.0012
0.0017
0.0018
0.0016
0.0016
0.0023
0.0017
0.0018
0.0015
0.0016
0.0018
0.0018
0.0017
0.0017
0.0017
0.0016
0.0015
0.0016
0.0017
0.0017
0.0017
0.0017
0.0017
0.0018
0.0199
0.0018
0.0019
0.0019
0.0018
0.0018
0.0178
0.0017
0.0015
0.0016
0.0018
0.0017
0.0018
0.0017
0.0018
0.0017
0.0017
0.0018
0.0017
0.0019
0.0017
0.0018
0.0019
0.0017
0.0016
0.0018
0.002
0.002
0.0017
0.0018
0.0019
0.0018
0.0016
0.0017
0.0017
0.0019
0.0018
0.002
0.0018
0.002
0.0016
0.002
0.002
0.002
0.0018
0.0017
0.0018
0.0019
0.0018
0.0032
0.0038
0.0031
0.0031
0.006
0.0027
0.0055
0.0026
0.0021
0.002
0.0018
0.0017
0.0018
0.0018
0.0018
0.0019
0.0018
0.0018
0.0018
0.0018
0.0018
0.0018
0.002
0.0018
0.0018
0.0018
0.0019
0.002
0.0209
0.0017
0.0018
0.0034
0.0168
0.0021
0.002
0.002
0.002
0.0018
0.0019
0.0018
0.002
0.0019
0.0018
0.0019
0.0018
0.0021
0.0018
0.0019
0.0019
0.002
0.002
0.002
0.0021
0.0019
0.0031
0.0037
0.0025
0.002
0.0021
0.0019
0.0018
0.0019
0.002
0.0019
0.0018
0.0018
0.002
0.0019
0.0019
0.0019
0.002
0.0019
0.0019
0.0018
0.002
0.002
0.0019
0.0019
0.002
0.0019
0.0019
0.0019
0.0019
0.0019
0.0019
0.0019
0.002
0.002
0.0019
0.002
0.0023
0.0018
0.0021
0.0021
0.0021
0.004
0.0224
0.0028
0.0032
0.0029
0.003
0.0032
0.0032
0.0036
0.0021
0.0021
0.0022
0.0035
0.0023
0.0021
0.002
0.0021
0.002
0.0022
0.0021
0.002
0.0021
0.0021
0.002
0.0021
0.002
0.002
0.002
0.0019
0.002
0.002
0.002
0.0021
0.0022
0.0021
0.002
0.0019
0.0019
0.002
0.0021
0.002
0.002
0.0021
0.0021
0.0019
0.0021
0.0021
0.002
0.0021
0.0021
0.002
0.002
0.002
0.002
0.002
0.0022
0.0021
0.0021
0.0021
0.0021
0.0019
0.0021
0.0021
0.0022
0.0021
0.0022
0.0021
0.0021
0.002
0.0021
0.0021
0.002
0.0021
0.0021
0.0021
0.0021
0.002
0.0022
0.0022
0.0022
0.0021
0.0021
0.0021
0.0021
0.002
0.002
0.0025
0.0022
0.0022
0.0022
0.0022
0.0021
0.002
0.0022
0.0022
0.0021
0.0022
0.0023
0.0022
0.0022
0.0021
0.0022
0.0022
0.0022
0.0022
0.0022
0.0022
0.0022
0.0021
0.0022
0.0133
0.0024
0.0022
0.0022
0.0024
0.0023
0.0023
0.0021
0.0022
0.0022
0.0023
0.0022
0.0023
0.0022
0.0022
0.0022
0.0022
0.0024
0.0023
0.0023
0.0023
0.0023
0.0023
0.0022
0.0024
0.0024
0.0022
0.0022
0.0023
0.0023
0.0023
0.0023
0.0024
0.0024
0.0023
0.0023
0.0024
0.0023
0.0024
0.0023
0.0023
0.0024
0.0022
0.0023
0.0024
0.0023
0.0024
0.0022
0.0024
0.0025
0.0024
0.0024
0.0024
0.0023
0.0023
0.0024
0.0024
0.0024
0.0024
0.0023
0.0024
0.0023
0.0024
0.0023
0.0023
0.0023
0.0024
0.0023
0.0025
0.0024
0.0024
0.0025
0.0024
0.0024
0.0024
0.0023
0.0024
0.0025
0.0024
0.0025
0.0024
0.0027
0.0024
0.0023
0.0024
0.0025
0.0025
0.0024
0.0024
0.0025
0.0025
0.0024
0.0025
0.0025
0.0024
0.0025
0.0024
0.0024
0.0024
0.0024
0.0026
0.0025
0.0024
0.0024
0.0024
0.0025
0.0025
0.0024
0.0025
0.0025
0.0025
0.0024
0.0025
0.0025
0.0025
0.0025
0.0024
0.0025
0.0025
0.0025
0.0024
0.0025
0.0025
0.0024
0.0025
0.0025
0.0026
0.0025
0.0025
0.0025
0.0025
0.0025
0.0026
0.0025
0.0024
0.0025
0.0025
0.0025
0.0025
0.0026
0.0026
0.0025
0.0025
0.0026
0.0026
0.0026
0.0026
0.0025
0.0027
0.0026
0.0025
0.0026
0.0027
0.0027
0.0026
0.0026
0.0026
0.0025
0.0025
0.0027
0.0026
0.0026
0.0026
0.0026
0.0026
0.0026
0.0025
0.0026
0.005
0.0027
0.0025
0.0027
0.0027
0.0027
0.0025
0.0026
0.0027
0.0027
0.0026
0.0027
0.0027
0.0027
0.0026
0.0026
0.0027
0.0027
0.0027
0.0027
0.0027
0.0026
0.0025
0.0027
0.0027
0.0027
0.0027
0.0027
0.0028
0.0027
0.0026
0.0026
0.0028
0.0027
0.0027
0.0027
0.0027
0.0028
0.0026
0.0028
0.0028
0.0028
0.0028
0.0027
0.0027
0.0027
0.0026
0.0027
0.0027
0.0027
0.0027
0.0027
0.0028
0.0027
0.0026
0.0029
0.0028
0.0029
0.0027
0.0028
0.0031
0.0029
0.0027
0.0027
0.0028
0.0028
0.0028
0.0028
0.0028
0.0028
0.0027
0.0028
0.0028
0.0028
0.0028
0.0028
0.0029
0.0028
0.0028
0.0028
0.0028
0.0028
0.0028
0.0028
0.0028
0.0028
0.0027
0.0029
0.0029
0.0028
0.0028
0.003
0.0029
0.0029
0.0027
0.0029
0.003
0.003
0.0028
0.0028
0.0029
0.0029
0.0027
0.003
0.0029
0.0029
0.0029
0.0028
0.003
0.0029
0.0028
0.0029
0.0029
0.0029
0.0029
0.0029
0.003
0.0029
0.0027
0.003
0.003
0.0029
0.003
0.0029
0.003
0.0029
0.0028
0.0029
0.0029
0.0029
0.0029
0.0029
0.003
0.0029
0.0028
0.0029
0.003
0.0029
0.0029
0.003
0.0031
0.0029
0.0028
0.0029
0.003
0.003
0.0031
0.003
0.003
0.003
0.0029
0.0029
0.0031
0.0031
0.003
0.0029
0.003
0.003
0.0028
0.0029
0.003
0.0031
0.003
0.003
0.003
0.003
0.0028
0.0031
0.0031
0.003
0.003
0.003
0.0029
0.003
0.0029
0.003
0.009
0.0031
0.0031
0.0031
0.003
0.003
0.003
0.0031
0.003
0.003
0.0031
0.0031
0.0031
0.0032
0.0031
0.003
0.0031
0.0031
0.0033
0.0031
0.0031
0.0032
0.0031
0.0032
0.0031
0.0032
0.0031
0.0031
0.003
0.0032
0.0031
0.0031
0.0031
0.003
0.0031
0.0031
0.0031
0.0033
0.0032
0.0031
0.0032
0.0032
0.0032
0.0031
0.0031
0.0031
0.003
0.0032
0.0032
0.0031
0.0032
0.0032
0.0032
0.0033
0.0031
0.0032
0.0032
0.0033
0.0032
0.0032
0.0033
0.0032
0.0031
0.0032
0.0032
0.0032
0.0032
0.0033
0.0033
0.0031
0.0031
0.0032
0.0032
0.0032
0.0032
0.0033
0.0033
0.0034
0.0031
0.0032
0.0034
0.0032
0.0032
0.0032
0.0032
0.0033
0.0031
0.0033
0.0033
0.0033
0.0032
0.0033
0.0033
0.0032
0.0031
0.0033
0.0033
0.0033
0.0032
0.0033
0.0033
0.0033
0.0032
0.0033
0.0033
0.0033
0.0032
0.0033
0.0032
0.0032
0.0032
0.0033
0.0033
0.0033
0.0033
0.0182
0.0052
0.0036
0.0034
0.0035
0.0035
0.0033
0.0033
0.0033
0.0034
0.0037
0.0032
0.0033
0.0032
0.0033
0.0034
0.0033
0.0033
0.0032
0.0031
0.0033
0.0033
0.0033
0.0033
0.0033
0.0034
0.0033
0.0032
0.0033
0.0033
0.0033
0.0033
0.0033
0.0034
0.0034
0.0032
0.0033
0.0033
0.0034
0.0033
0.0033
0.0061
0.0033
0.0032
0.0034
0.0033
0.0033
0.0033
0.0033
0.0034
0.0033
0.0033
0.0034
0.0034
0.0035
0.0033
0.0034
0.0034
0.0033
0.0032
0.0034
0.0034
0.0034
0.0035
0.0033
0.0034
0.0033
0.0032
0.0034
0.0035
0.0034
0.0034
0.0035
0.0035
0.0034
0.0033
0.0035
0.0035
0.0034
0.0034
0.0035
0.0034
0.0034
0.0033
0.0035
0.0034
0.0035
0.0035
0.0035
0.0034
0.0034
0.0034
0.0035
0.0035
0.0035
0.0035
0.0034
0.0035
0.0034
0.0033
0.0035
0.0035
0.0035
0.0035
0.0035
0.0034
0.0035
0.0034
0.0034
0.0034
0.0035
0.0034
0.0035
0.0035
0.0036
0.0034
0.0034
0.0035
0.0036
0.0035
0.0035
0.0035
0.0036
0.0033
0.0033
0.0033
0.0033
0.0033
0.0034
0.0033
0.0033
0.0032
0.0032
0.0034
0.0034
0.0034
0.0034
0.0033
0.0034
0.0032
0.0035
0.0035
0.0034
0.0034
0.0035
0.0034
0.0034
0.0034
0.0033
0.0034
0.0034
0.0034
0.0035
0.0033
0.0035
0.0033
0.0034
0.0035
0.0034
0.0034
0.0034
0.0034
0.0034
0.0033
0.0035
0.0034
0.0034
0.0035
0.0035
0.0034
0.0034
0.0033
0.0034
0.0034
0.0034
0.0034
0.0034
0.0034
0.0035
0.0033
0.0035
0.0035
0.0036
0.0035
0.0035
0.0034
0.0035
0.0033
0.0035
0.0035
0.0036
0.0035
0.0036
0.0035
0.0034
0.0033
0.0035
0.0035
0.0035
0.0035
0.0035
0.0036
0.0035
0.0034
0.0035
0.0035
0.0035
0.0035
0.0035
0.0036
0.0036
0.0035
0.0035
0.0035
0.0034
0.0034
0.0036
0.0036
0.0035
0.0034
0.0035
0.0035
0.0035
0.0036
0.0112
0.0059
0.0037
0.0038
0.0043
0.004
0.0038
0.0038
0.0038
0.0041
0.0081
0.0059
0.0084
0.0196
0.0063
0.0051
0.0053
0.0057
0.0056
0.0062
0.0061
0.0056
0.0057
0.0047
0.004
0.0044
