0.003
0.0021
0.0014
0.0013
0.0012
0.0012
0.0011
0.0012
0.0012
0.0012
0.0011
0.0011
0.0012
0.0011
0.0012
0.0011
0.0011
0.0012
0.0011
0.0012
0.0012
0.0013
0.0025
0.0034
0.0045
0.0029
0.0054
0.003
0.0032
0.0014
0.0013
0.0013
0.0014
0.0014
0.0013
0.0013
0.0013
0.0013
0.0015
0.0013
0.0015
0.0013
0.0012
0.0013
0.0149
0.0013
0.0013
0.0014
0.0017
0.0016
0.0014
0.0016
0.0016
0.0013
0.0014
0.0012
0.0015
0.0013
0.0012
0.0012
0.0014
0.0014
0.0013
0.0013
0.0014
0.0013
0.0013
0.0014
0.0015
0.0014
0.0014
0.0015
0.0014
0.0013
0.0016
0.003
0.0021
0.0025
0.0021
0.0017
0.0015
0.0014
0.0014
0.0041
0.0027
0.0016
0.0014
0.0015
0.0015
0.0014
0.0014
0.0016
0.0015
0.0014
0.0016
0.002
0.0018
0.0014
0.0146
0.0051
0.003
