0.0033
0.0115
0.0039
0.017
0.0035
0.0223
0.0047
0.0036
0.0035
0.0034
0.0035
0.0035
0.0036
0.0034
0.0035
0.0034
0.0035
0.0034
0.0034
0.0034
0.0034
0.0034
0.0034
0.0034
0.0035
0.0034
0.0034
0.0034
0.0034
0.0035
0.0033
0.0035
0.0034
0.0034
0.0034
0.0034
0.0034
0.0034
0.0035
0.0034
0.0034
0.0034
0.0033
0.0034
0.0033
0.0034
0.0034
0.0034
0.0033
0.0032
0.0033
0.0033
0.0202
0.0035
0.0033
0.0033
0.0033
0.0033
0.0033
0.0034
0.0033
0.0033
0.0033
0.0033
0.0033
0.0033
0.0034
0.0033
0.0033
0.0033
0.0033
0.0033
0.0033
0.0033
0.0033
0.0032
0.0032
0.0032
0.0033
0.0032
0.0032
0.0033
0.0032
0.0033
0.0033
0.0033
0.0033
0.0033
0.0075
0.0191
0.004
0.0034
0.0032
0.0031
0.0031
0.003
0.019
0.0031
0.0031
0.0031
0.0031
0.0035
0.0031
0.0032
0.0031
0.0031
0.0032
0.0033
0.0032
0.0032
0.0032
0.0047
0.0063
0.0033
0.0065
0.0069
0.0046
0.0042
0.0033
0.0031
0.0031
0.003
0.0031
0.0032
0.0032
0.0031
0.0031
0.0031
0.0191
0.0031
0.003
0.0029
0.003
0.003
0.0032
0.0216
0.0031
0.003
0.003
0.0031
0.003
0.0031
0.0156
0.0028
0.0028
0.0031
0.0031
0.0164
0.0031
0.0031
0.003
0.003
0.0163
0.003
0.0029
0.003
0.0031
0.003
0.021
0.003
0.0029
0.0031
0.003
0.0033
0.0031
0.0158
0.0031
0.0032
0.0031
0.0031
0.022
0.0042
0.0032
0.0031
0.0029
0.003
0.0028
0.003
0.0029
0.003
0.0047
0.0055
0.0044
0.0056
0.0035
0.003
0.0029
0.003
0.003
0.003
0.003
0.003
0.003
0.0029
0.003
0.0029
0.0029
0.0029
0.0029
0.0029
0.003
0.0029
0.0028
0.0029
0.0029
0.0029
0.003
0.0043
0.0035
0.0056
0.0055
0.0035
0.0031
0.003
0.0029
0.003
0.026
0.0053
0.0062
0.006
0.0064
0.0038
0.0034
0.0029
0.005
0.0045
0.0058
0.006
0.0046
0.0064
0.0031
0.0029
0.0028
0.0028
0.0027
0.0028
0.0054
0.0049
0.0039
0.0049
0.0046
0.0038
0.0038
0.0043
0.0042
0.0039
0.0038
0.0038
0.0199
0.0038
0.0051
0.004
0.003
0.0029
0.0037
0.0028
0.0029
0.0028
0.0028
0.0028
0.0028
0.0029
0.003
0.006
0.0061
0.005
0.0039
0.0039
0.004
0.004
0.0041
0.0046
0.0055
0.0042
0.0041
0.004
0.0038
0.0041
0.0037
0.0036
0.0035
0.004
0.0036
0.0039
0.0045
0.0046
0.0039
0.0037
0.0056
0.0051
0.0041
0.0042
0.0045
0.0049
0.0049
0.0041
0.0189
0.0035
0.0069
0.0032
0.0031
0.0041
0.0062
0.0068
0.0038
0.0026
0.0027
0.0051
0.0032
0.0048
0.0032
0.0026
0.0052
0.0031
0.0031
0.0049
0.0039
0.0221
0.0039
0.0038
0.0042
0.0042
0.0044
0.0036
0.0036
0.0034
0.0038
0.0034
0.0037
0.006
0.0031
0.0034
0.0043
0.0038
0.004
0.0038
0.0038
0.0038
0.0039
0.0031
0.0051
0.0239
0.003
0.0026
0.0025
0.0025
0.0025
0.0025
0.0025
0.0024
0.0025
0.0058
0.0057
0.0034
0.0028
0.0027
0.0026
0.0024
0.0024
0.0024
0.0026
0.0025
0.0025
0.0026
0.0025
0.0024
0.0066
0.0029
0.0025
0.0023
0.0025
0.0025
0.0028
0.0029
0.0025
0.0023
0.0023
0.0024
0.0023
0.0024
0.0025
0.0023
0.0024
0.0023
0.0024
0.0023
0.0024
0.0212
0.0066
0.0026
0.0027
0.0025
0.0025
0.0023
0.0023
0.0024
0.0024
0.0045
0.0055
0.0049
0.0048
0.0046
0.0266
0.0057
0.0054
0.0049
0.0049
0.0047
0.005
0.0051
0.0051
0.0055
0.0059
0.0048
0.0056
0.0029
0.0025
0.0027
0.0023
0.0024
0.0024
0.0057
0.0041
0.0038
0.0033
0.0031
0.0036
0.0034
0.0034
0.003
0.0039
0.0029
0.0025
0.0024
0.0024
0.0023
0.0022
0.0021
0.0021
0.0021
0.0021
0.0021
0.0022
0.0022
0.0021
0.0021
0.0022
0.0022
0.0022
0.0022
0.0022
0.0023
0.0023
0.002
0.0022
0.0022
0.0022
0.0022
0.0022
0.0025
0.0022
0.0022
0.0022
0.0021
0.0153
0.0021
0.0021
0.0022
0.0024
0.002
0.0022
0.0021
0.002
0.002
0.0021
0.0021
0.002
0.002
0.002
0.0019
0.002
0.0026
0.0021
0.0021
0.002
0.0026
0.003
0.0227
0.0022
0.002
0.0021
0.0021
0.002
0.002
0.002
0.0019
0.002
0.0019
0.002
0.0021
0.0021
0.0019
0.002
0.0019
0.0019
0.0019
0.002
0.0021
0.0021
0.0019
0.002
0.002
0.002
0.002
0.0021
0.0021
0.0021
0.002
0.002
0.002
0.002
0.0021
0.0027
0.0022
0.002
0.002
0.0019
0.0022
0.0021
0.0021
0.0019
0.002
0.0019
0.0021
0.002
0.0019
0.0021
0.002
0.0019
0.0021
0.0019
0.0021
0.002
0.002
0.002
0.002
0.0019
0.002
0.0019
0.0019
0.0019
0.002
0.002
0.0019
0.0019
0.0019
0.0019
0.002
0.0019
0.002
0.002
0.0019
0.0019
0.0019
0.0019
0.0019
0.0018
0.0019
0.0019
0.0045
0.0023
0.002
0.002
0.0018
0.0019
0.002
0.0019
0.0018
0.0202
0.0018
0.0019
0.0018
0.0018
0.002
0.0019
0.0018
0.002
0.0019
0.0019
0.0018
0.0019
0.0019
0.0019
0.0019
0.0019
0.0018
0.0019
0.0018
0.0018
0.002
0.0019
0.0017
0.0018
0.0018
0.0018
0.0019
0.0018
0.0019
0.0018
0.0017
0.0019
0.0018
0.0018
0.0018
0.0018
0.0019
0.0018
0.0017
0.0018
0.0018
0.0327
0.0051
0.0081
0.005
0.0042
0.003
0.0021
0.0018
0.0019
0.0017
0.0018
0.0018
0.019
0.0019
0.0018
0.0017
0.0018
0.0018
0.0018
0.0154
0.0018
0.0017
0.0026
0.0019
0.0019
0.0017
0.0017
0.0018
0.0019
0.0017
0.0018
0.0017
0.0018
0.0016
0.0017
0.0238
0.0018
0.0149
0.0017
0.0016
0.0017
0.0015
0.0017
0.0017
0.0018
0.0016
0.0017
0.0016
0.0018
0.0015
0.0017
0.0017
0.0017
0.0016
0.0016
0.0015
0.0016
0.0015
0.0016
0.0017
0.0016
0.0015
0.0016
0.0016
0.0016
0.0015
0.0017
0.0016
0.0017
0.0017
0.0017
0.0015
0.0016
0.0016
0.0016
0.0016
0.0017
0.0044
0.0041
0.0035
0.0038
0.0026
0.0018
0.0017
0.0025
0.0054
0.0029
0.0037
0.0029
0.005
0.0021
0.0018
0.0017
0.0016
0.0015
0.0016
0.0172
0.0028
0.0018
0.0017
0.0015
0.0021
0.0028
0.0016
0.0016
0.0015
0.0015
0.0015
0.0016
0.002
0.0017
0.0016
0.0016
0.0015
0.0016
0.0017
0.0015
0.0203
0.0016
0.0017
0.0016
0.0014
0.0015
0.0143
0.0016
0.0014
0.0015
0.0016
0.0016
0.0014
0.0016
0.0016
0.0016
0.0014
0.0193
0.0019
0.0016
0.0014
0.0015
0.0015
0.0015
0.0014
0.0014
0.0014
0.0018
0.0015
0.0016
0.0015
0.0029
0.0015
0.0016
0.0015
0.0015
0.0015
0.0015
0.0046
0.0025
0.0045
0.003
0.0032
0.0031
0.0028
0.0033
0.0029
0.0013
0.0016
0.0011
0.0021
0.003
0.0023
0.0025
0.0031
0.0047
0.0026
0.0023
0.0024
0.0023
0.0029
0.0019
0.0016
0.0014
0.0014
0.0014
0.0015
0.0014
0.0014
0.0013
0.0013
0.0013
0.0014
0.0014
0.0015
0.0013
0.0013
0.0013
0.0013
0.0013
0.0013
0.0013
0.0013
0.0013
0.0012
0.0012
0.0013
0.0012
0.0013
0.0013
0.0013
0.0013
0.0013
0.0013
0.0145
0.0013
0.0012
0.0012
0.0013
0.0012
0.0012
0.0012
0.0013
0.0012
0.0012
0.0029
0.0023
0.0032
0.0147
0.0046
0.004
0.0029
0.0032
0.0028
0.0028
0.0023
0.0022
0.0022
0.0022
0.0025
0.0033
0.0015
0.0014
0.0012
0.0012
0.0017
0.0032
0.0025
0.0052
0.0028
0.0026
0.0022
0.0021
0.0031
0.0022
0.0023
0.0021
0.0022
0.0022
0.002
0.0022
0.0179
0.0019
0.0018
0.0019
0.0028
0.0018
0.0181
0.0011
0.0012
0.0012
0.0012
0.0012
0.0011
0.0013
0.0012
0.0011
0.0011
0.0012
0.001
0.0011
0.001
0.0014
0.0009
0.0009
0.001
0.0011
0.0012
0.001
0.0011
0.0012
0.004
0.0026
0.0024
0.0027
0.0019
0.0016
0.0009
0.0011
0.0013
0.0012
0.0011
0.0013
0.0011
0.0044
0.0017
0.0012
0.0012
0.0011
0.0012
0.0011
0.0011
0.001
0.001
0.0011
0.001
0.001
0.001
0.0013
0.0011
0.0008
0.0009
0.0009
0.001
0.0008
0.0008
0.0011
0.0012
0.0011
0.0025
0.0028
0.0039
0.0022
0.0022
0.0023
0.0022
0.002
0.0021
0.0026
0.0015
0.0008
0.0007
0.0009
0.0008
0.0008
0.0007
0.0011
0.0012
0.0011
0.0009
0.0009
0.0195
0.0037
0.0022
0.0021
0.002
0.0015
0.0027
0.0017
0.0016
0.0016
0.0015
0.0022
0.0017
0.0013
0.0022
0.0015
0.0015
0.0013
0.0013
0.002
0.0019
0.0014
0.001
0.0013
0.0017
0.0017
0.0014
0.0009
0.0009
0.0018
0.0014
0.0019
0.0168
