0.0008
0.0014
0.0012
0.0011
0.0011
0.0012
0.0011
0.0011
0.001
0.001
0.0011
0.0011
0.0008
0.0009
0.0008
0.0009
0.0011
0.001
0.001
0.001
0.0011
0.001
0.001
0.0011
0.0011
0.0011
0.001
0.001
0.001
0.001
0.001
0.0011
0.001
0.001
0.0011
0.001
0.0008
0.0008
0.0009
0.0008
0.001
0.001
0.0019
0.0009
0.0011
0.001
0.001
0.001
0.001
0.001
0.001
0.001
0.001
0.001
0.001
0.0008
0.0007
0.0007
0.0007
0.0008
0.0082
0.0007
0.0007
0.0009
0.001
0.001
0.001
0.001
0.0009
0.001
0.0009
0.001
0.001
0.0009
0.0009
0.0009
0.001
0.0009
0.001
0.001
0.0019
0.0007
0.0006
0.0006
0.0006
0.0006
0.0006
0.0007
0.0009
0.0005
0.0005
0.0006
0.0006
0.0006
0.0005
0.0005
0.0006
0.0005
0.0006
0.0007
0.0009
