0.001
0.0008
0.0004
0.0005
0.0005
0.0007
0.0005
0.0006
0.0005
0.0007
0.0006
0.0006
0.0005
0.0007
0.0009
0.0008
0.0008
0.0008
0.0008
0.0008
0.0008
0.0008
0.0009
0.0008
0.0008
0.0009
0.0008
0.0008
0.0008
0.0009
0.0008
0.0008
0.0009
0.0008
0.0009
0.0008
0.0008
0.0009
0.0007
0.0008
0.0008
0.001
0.0093
0.0007
0.0008
0.0009
0.0011
0.001
0.001
0.001
0.0009
0.0009
0.001
0.0009
0.001
0.001
0.001
0.001
0.001
0.001
0.001
0.001
0.001
0.001
0.0011
0.001
0.001
0.001
0.001
0.001
0.0011
0.001
0.001
0.001
0.001
0.001
0.001
0.001
0.001
0.001
0.001
0.001
0.001
0.001
0.0011
0.001
0.001
0.001
0.001
0.0011
0.0014
0.001
0.0021
0.0015
0.0013
0.0011
0.001
0.0011
0.0012
0.0011
0.0014
