0.002
0.0011
0.0008
0.001
0.0006
0.0008
0.0006
0.0005
0.0007
0.0006
0.0004
0.0007
0.0008
0.0005
0.0007
0.0005
0.0018
0.0004
0.0006
0.0005
0.0006
0.001
0.0009
0.0009
0.0008
0.0008
0.0009
0.001
0.0008
0.001
0.0008
0.0007
0.0013
0.0008
0.0008
0.0007
0.0008
0.0007
0.0008
0.0008
0.001
0.0008
0.0009
0.001
0.0008
0.0008
0.001
0.0009
0.0009
0.001
0.0009
0.0007
0.0008
0.0008
0.0009
0.0008
0.0008
0.0137
0.0008
0.0009
0.0008
0.0008
0.0009
0.0009
0.0007
0.0009
0.0009
0.0007
0.0009
0.001
0.0008
0.0009
0.0008
0.001
0.001
0.0008
0.001
0.017
0.0008
0.001
0.0009
0.0008
0.0008
0.0008
0.0008
0.0012
0.0009
0.0011
0.0008
0.0009
0.0009
0.0008
0.0012
0.0006
0.0007
0.0008
0.0005
0.0005
0.0033
0.0006
0.0005
0.0006
0.0006
0.0005
0.0006
0.0004
0.0003
0.0006
0.0004
0.0004
0.0006
0.0004
0.0004
0.0006
0.0006
0.0005
0.0005
0.0007
0.0005
0.0005
0.0004
0.0004
0.0004
0.0005
0.0005
0.0007
0.0004
0.0005
0.0006
0.0005
0.0004
0.0004
0.0005
0.0005
0.0004
0.0004
0.0004
0.0005
0.0004
0.0123
0.0005
0.0004
0.0004
0.0006
0.0004
0.0005
0.0005
0.0005
0.0004
0.0004
0.0004
0.0006
0.0006
0.0005
0.0005
0.0005
0.0005
0.0004
0.0005
0.0005
0.0009
0.0004
0.0005
0.0005
0.0005
0.0005
0.0005
0.0004
0.0005
0.0004
0.0005
0.0006
0.0005
0.0004
0.0005
0.0006
0.0005
0.0007
0.0006
0.0004
0.0017
0.0004
0.0004
0.0004
0.0004
0.0005
0.0004
0.0005
0.0005
0.0005
0.0005
0.0006
0.0004
0.0004
0.0004
0.0004
0.0004
0.0006
0.0005
0.0004
0.0005
0.0006
0.0005
0.0005
0.0004
0.0005
0.0005
0.0005
0.0006
0.0005
0.0004
0.0004
0.0004
0.0006
0.0004
0.0006
0.0005
0.0005
0.0004
0.0004
0.0005
0.0104
0.0006
0.0006
0.0003
0.0005
0.0006
0.0005
0.0005
0.0004
0.0004
0.0005
0.0004
0.0005
0.0005
0.0004
0.0005
0.0004
0.0004
0.0006
0.0004
0.0005
0.0005
0.0004
0.0005
0.0006
0.0004
0.0004
0.0004
0.0005
0.0004
0.0005
0.0005
0.0005
0.0004
0.0004
0.0005
0.0006
0.0004
0.0005
0.0004
0.0005
0.0005
0.0005
0.0004
0.0005
0.0005
0.0005
0.0004
0.0005
0.0004
0.0003
0.0004
0.0005
0.0005
0.0004
0.0004
0.0005
0.0005
0.0005
0.0005
0.0006
0.0006
0.0005
0.0005
0.0005
0.0004
0.0005
0.0005
0.0004
0.0004
0.0005
0.0005
0.0005
0.0005
0.0006
0.0004
0.0004
0.0005
0.0005
0.0006
0.0004
0.0004
0.0005
0.0005
0.0087
0.0006
0.0005
0.0004
0.0005
0.0005
0.0006
0.0004
0.0005
0.0005
0.0006
0.0004
0.0005
0.0004
0.0005
0.0005
0.0005
0.0005
0.0005
0.0005
0.0004
0.0005
0.0004
0.0005
0.0004
0.0005
0.0005
0.0005
0.0004
0.0004
0.0004
0.0006
0.0005
0.0005
0.0006
0.0005
0.0004
0.0005
0.0005
0.0004
0.0005
0.0004
0.0004
0.0004
0.0004
0.0005
0.0004
0.0005
0.0005
0.0006
0.0004
0.0004
0.0004
0.0005
0.0005
0.0005
0.0004
0.0005
0.0004
0.0005
0.0005
0.0004
0.0004
0.0005
0.0005
0.0004
0.0004
0.0005
0.0004
0.0004
0.0005
0.0006
0.0004
0.0005
0.0004
0.0005
0.0005
0.0004
0.0004
0.0005
0.0006
0.0005
0.0005
0.0004
0.0042
0.0005
0.0005
0.0006
0.0004
0.0004
0.0004
0.0004
0.0005
0.0004
0.0005
0.0005
0.0005
0.0006
0.0005
0.0004
0.0005
0.0005
0.0004
0.0004
0.0005
0.0005
0.0005
0.0005
0.0006
0.0004
0.0005
0.0007
0.0005
0.0005
0.0005
0.0005
0.0004
0.0003
0.0004
0.0005
0.0005
0.0005
0.0007
0.0005
0.0005
0.0005
0.0004
0.0005
0.0005
0.0005
0.0004
0.0004
0.0004
0.0007
0.0003
0.0005
0.0004
0.0004
0.0004
0.0005
0.0005
0.0005
0.0005
0.0004
0.0004
0.0003
0.0005
0.0005
0.0004
0.0004
0.0005
0.0007
0.0005
0.0007
0.0005
0.0005
0.0004
0.0006
0.0005
0.0006
0.0005
0.0005
0.0005
0.0005
0.0005
0.0004
0.0005
0.0004
0.011
0.0006
0.0005
0.0005
0.0006
0.0006
0.0004
0.0004
0.0005
0.0004
0.0005
0.0005
0.0004
0.0004
0.0005
0.0005
0.0005
0.0005
0.0006
0.0007
0.0006
0.0006
0.0005
0.0005
0.0004
0.0004
0.0005
0.0006
0.0005
0.0004
0.0005
0.0004
0.0004
0.0005
0.0005
0.0005
0.0005
0.0005
0.0005
0.0005
0.0005
0.0006
0.0008
0.0006
0.0004
0.0004
0.0006
0.0007
0.0006
0.0006
0.0015
0.0011
0.001
0.0007
0.001
0.0009
0.0012
0.0009
0.0009
0.001
0.001
0.0008
0.0008
0.0012
0.0011
0.001
0.0011
0.0011
0.0008
0.0008
0.0014
0.0013
0.0012
0.0016
0.0012
0.0013
0.0015
0.0011
0.0013
0.0016
0.001
0.0009
0.001
0.0006
0.0185
0.0011
0.0009
0.0007
0.001
0.0009
0.0009
0.0007
0.0008
0.0008
0.0007
0.0008
0.0008
0.0006
0.0008
0.001
0.0009
0.0008
0.0007
0.0007
0.0006
0.0006
0.0007
0.0005
0.0006
0.0007
0.0009
0.0009
0.0007
0.0007
0.0008
0.0007
0.0006
0.0008
0.0005
0.0009
0.0005
0.0009
0.0008
0.0007
0.0006
0.0007
0.0008
0.0007
0.0009
0.0006
0.0004
0.0011
0.0007
0.0007
0.0007
0.0007
0.0007
0.0005
0.0007
0.0006
0.0008
0.0009
0.0006
0.0008
0.0006
0.0006
0.0008
0.001
0.001
0.001
0.0008
0.0008
0.001
0.001
0.0013
0.0009
0.0006
0.0006
0.0008
0.0006
0.001
0.0009
0.0008
0.0008
0.001
0.0005
0.0007
0.0006
0.0007
0.0012
0.0007
0.0013
0.001
0.0016
0.0013
0.0016
0.0014
0.0017
0.0012
0.001
0.001
0.0007
0.0008
0.0009
0.0009
0.0007
0.0011
0.0005
0.001
0.0006
0.0009
0.0007
0.0008
0.001
0.0008
0.0009
0.0007
0.0008
0.0006
0.0008
0.0007
0.0007
0.0008
0.0005
0.0009
0.001
0.0013
0.0097
0.0009
0.0008
0.0018
0.0013
0.001
0.001
0.0014
0.0014
0.0011
0.0011
0.0011
0.0012
0.0008
0.0007
0.001
0.0013
0.001
0.0008
0.0009
0.0011
0.0007
0.001
0.0008
0.0011
0.0011
0.001
0.0006
0.0009
0.0007
0.0007
0.0009
0.0008
0.0006
0.0008
0.0006
0.001
0.0008
0.0014
0.0006
0.0011
0.0004
0.0008
0.0006
0.0004
0.0008
0.0204
0.0007
0.0006
0.0005
0.0006
0.0005
0.0008
0.0008
0.0009
0.0007
0.0005
0.0005
0.0008
0.0007
0.0006
0.001
0.0009
0.0005
0.0012
0.0007
0.0009
0.0008
0.0009
0.0007
0.0004
0.0011
0.0006
0.0007
0.0006
0.0006
0.0006
0.0006
0.0007
0.0005
0.0007
0.0008
0.0007
0.0007
0.0008
0.0006
0.0007
0.0005
0.0011
0.0007
0.0004
0.0006
0.0005
0.0005
0.0008
0.0007
0.0006
0.0005
0.0007
0.0005
0.0008
0.0005
0.0005
0.0005
0.0008
0.0005
0.0007
0.0006
0.0006
0.0006
0.0007
0.0006
0.0006
0.0008
0.0005
0.0007
0.0012
0.0007
0.0005
0.0007
0.0008
0.0008
0.0007
0.0007
0.0008
0.0005
0.0008
0.0006
0.0006
0.0005
0.0005
0.0006
0.0005
0.0005
0.0005
0.0008
0.0007
0.0005
0.0007
0.0007
0.0005
0.0007
0.0005
0.0006
0.0008
0.0007
0.0007
0.0006
0.0005
0.0006
0.0007
0.0004
0.0007
0.0007
0.0006
0.0005
0.0006
0.0005
0.0005
0.0007
0.0004
0.0004
0.0005
0.0004
0.0004
0.0005
0.0006
0.0006
0.0005
0.0006
0.0006
0.0006
0.0005
0.0006
0.0006
0.0005
0.0006
0.0006
0.0006
0.0005
0.0005
0.0009
0.0005
0.0005
0.0005
0.0005
0.0004
0.0005
0.0005
0.0006
0.0005
0.0008
0.0005
0.0005
0.0007
0.0004
0.0005
0.0006
0.0005
0.0004
0.0008
0.0005
0.0006
0.0004
0.0005
0.0006
0.0005
0.0006
0.0005
0.0005
0.0004
0.0006
0.0005
0.0005
0.0005
0.0146
0.0005
0.0006
0.0004
0.0004
0.0005
0.0005
0.0006
0.0006
0.0005
0.0005
0.0007
0.0005
0.0005
0.0005
0.0004
0.0006
0.0004
0.0005
0.0005
0.0006
0.0008
0.0005
0.0005
0.0006
0.0005
0.0005
0.0004
0.0005
0.0009
0.0005
0.0006
0.0008
0.0005
0.0005
0.0009
0.0008
0.0006
0.0007
0.0005
0.0005
0.0006
0.0006
0.0005
0.0005
0.0007
0.0006
0.0007
0.0007
0.0007
0.0005
0.0006
0.0005
0.0005
0.0007
0.0005
0.0005
0.0005
0.0005
0.0005
0.0007
0.0005
0.0005
0.0006
0.0006
0.0006
0.0005
0.0006
0.0006
0.0006
0.0005
0.0004
0.0005
0.0005
0.0005
0.0007
0.0006
0.0005
0.0005
0.0005
0.0007
0.0005
0.0006
0.0004
0.0005
0.0005
0.0005
0.0005
0.0005
0.0007
0.0006
0.0005
0.0004
0.0006
0.0004
0.0005
0.0007
0.0006
0.0004
0.0007
0.0008
0.0005
0.0005
0.0008
0.0008
0.0011
