0.0012
0.0011
0.0011
0.0007
0.0144
0.0007
0.0007
0.0007
0.0011
0.0009
0.0007
0.0006
0.0009
0.0009
0.0008
0.0009
0.0007
0.001
0.0007
0.0009
0.0008
0.0007
0.0008
0.0006
0.0009
0.0008
0.0007
0.0008
0.0009
0.0008
0.0008
0.0009
0.0008
0.0007
0.0366
0.0009
0.0008
0.0008
0.001
0.0007
0.0009
0.0009
0.001
0.0007
0.0006
0.001
0.0011
0.001
0.001
0.0009
0.001
0.001
0.0012
0.0016
0.0019
0.0029
0.0009
0.0009
0.0011
0.0013
0.0015
0.0009
0.0014
0.0011
0.0012
0.0011
0.0009
0.0009
0.0007
0.0008
0.0007
0.001
0.0006
0.0019
0.0012
0.0052
0.0011
0.001
0.001
0.0011
0.0009
0.0009
0.0009
0.0008
0.0009
0.0012
0.0015
0.0011
0.0009
0.0009
0.0008
0.0011
0.001
0.001
0.0013
0.001
0.001
0.0011
0.0011
0.0007
0.0018
